0.9999999999999997
0.00248050636220961
-0.11303996660217258
-0.03728534336469707
-0.029194619563505095
0.029515940872589883
-0.02722080174420171
-0.055089585831219104
-0.011506854707128452
0.04893428699252764
-0.056093808357652514
-0.05278945909414183
0.1195941941920579
-0.1018322830096675
-0.034239249558142254
0.004630465189235523
0.21019342518107112
-0.02329936899350039
0.26643978792040507
0.34184594449916583
0.17103210040194355
0.20095733377105224
0.19196328308543703
0.16259622767659104
0.3213885894846954
0.3776052165616896
0.40596471583512556
-0.04191673624521163
-0.02152445169294557
0.14758441875545453
0.4509618173613264
0.4489403908986695
0.06555505379154068
0.4827082945129987
0.04804559385025146
0.2650854933430331
0.3691869728602923
0.46865967818903115
0.5208900660452752
0.6291259546185637
0.42534987616029063
0.5724251288487144
0.30231103474096527
0.4366129632434673
0.3449333574166742
0.35181535074067566
0.4076594608652282
0.2753197068795443
0.30320652505219353
0.3810471315018755
0.38122206803690917
0.5919999358062914
0.574293508028938
0.37302094876478226
0.4671969336526518
0.4756147431780183
0.43595095049121013
0.5265509377265822
0.3343602925199484
0.3767048561036811
0.42808283502971034
0.5065706897882319
0.3669121891428356
0.476743270358457
0.5800061564287855
0.3139454213039373
0.42077287202534436
0.29090915545518714
0.3575900706580786
0.39225908963796996
0.3496567956182117
0.47621307247411
0.4955115693475849
0.15969760015591913
0.01768627207836039
0.65592762869685
0.5030252205751776
0.4238207967310358
0.3048457668376644
0.5342204674888471
0.4429263640954011
0.4121896683361034
0.3889918540702348
0.3520120639456838
0.559481431152758
0.3664269463126684
0.10260262514802662
0.31402136010767023
0.43163662172504597
0.47363256597181036
0.37542063213562404
0.4315072521161917
0.6074181544248527
0.3196988327603657
0.28711157181469804
0.3509775123935366
0.3491018044121909
0.5123047778328824
0.34755487229329934
0.3514353726420748
0.42899902079603636
0.34281670004445175
0.20838110526431336
0.3238596984622432
-0.0581846946056866
0.364361842787983
0.29392239698825984
0.21584907608823456
0.3768821038916662
0.008687129377319969
0.5193426573895255
0.26189720847093373
0.03970404147577605
0.5184844789111444
0.393112739753417
0.38384499763384133
0.3797774881709765
0.08603620028127708
0.44597221717503793
0.31297006500924734
0.35084841467266237
0.41234813728404196
0.24835540302260103
0.4905572813301866
0.5714313495999113
0.33850357300590106
0.3502210437940201
0.4490676494143535
0.19569804369148017
0.5343280219553559
0.34131958533424156
0.4890976473533834
0.5594507388887706
0.28208071110503247
0.41332015169681285
0.024325291732553475
0.08032609523179739
0.33285294279895444
0.45757946188314613
0.32021761575382346
0.519911905047099
0.5052474841796434
0.31754540943545023
0.3436190172117725
0.4913158513889963
0.5057877340056226
0.4234250174553998
0.3036276011265564
0.43873006468304765
0.4855300447978463
0.5530508745839406
0.40007147423825656
-0.03601079087749834
0.4689853030262065
0.3140544189137774
0.11534871265992432
0.3104226045976203
0.4955034731607144
0.2929957554397695
0.3563005677024814
0.37185312003840404
0.5511377347339186
0.58030540495417
0.49362224877130134
0.15918600718040915
0.05113793393179724
0.39671178616689534
0.39370304036903014
0.5123349648081943
0.14504528193249963
0.42091250559979576
0.4289549594803314
0.624770537745329
0.5162660322119688
0.25513201227606297
0.5193187550266158
0.30485008262550845
0.49239906302431863
0.3373238059315574
0.06816303678941768
0.395356087038783
0.34699167372123396
0.4589078552967516
0.3943430144639172
0.22702392167314778
0.5194992344194876
0.21839738616374227
0.2025508239586336
0.2926636145064699
0.19793325898836767
0.21188161366697097
0.3556135420772855
0.38154276904487033
0.49216518426067896
0.5113289024997744
0.289115436790887
0.3863040070960087
0.41139024888114023
0.42531622083963594
0.11376503374100316
0.30539036706236194
0.36501491186132157
0.33885334697960745
0.5162028088804081
0.4085294030150509
0.19770424992451574
0.3162805244815813
0.4471517289192952
0.4217459905402551
0.3031091756232593
0.12337677531336202
0.3417541475832049
0.38473041549467946
0.3809416948838979
0.5189504153138577
0.21955656736291046
0.5786429218958125
0.08380517921589173
0.505391180437575
0.42226174999835336
0.46249898104695575
0.46740856233740796
0.4132426675486433
0.3791390639428844
0.36379560283068957
0.3315430947315322
0.414871577934349
0.19486617089571717
0.313153330231151
0.5343631758855492
0.3360448020367572
0.4690682260495838
0.3632000914647002
0.07288842130529724
0.09660298406016958
0.25284846476707673
0.2943549019047689
0.14930785996967277
0.3606037720906289
0.31299577738322243
0.4260687117299396
0.5134634902987287
0.3565798438062934
0.5185204923613194
0.38399439607940944
0.16513342519949573
0.46433778074912696
0.2930054992974756
0.2523887286015823
0.49020518906047816
0.18013431461182372
0.28337291183950336
0.19943165940990662
